2.30000 2.30000
2.40000 2.40000
2.50000 2.50000
2.72000 2.72000
3.02433 3.02433
3.22433 3.22433
3.32433 3.32433
3.32433 3.32433
3.42433 3.42433
3.02433 3.02433
2.90433 2.90433
2.88433 2.88433
2.80433 2.80433
2.75433 2.75433
2.65433 2.65433
2.55433 2.55433
2.55433 2.55433
2.45433 2.45433
2.45433 2.45433
2.34345 2.34345
3.60293 3.60293
7.92827 7.92827
2.64738 2.64738
2.56234 2.63738
2.54637 2.53426
2.28447 2.34857
2.56303 2.56738
2.76291 2.76352
2.83271 2.85625
3.01092 3.28162
3.22827 3.33241
2.89877 9.99999
-5.9273 3.01827
2.76778 2.75828
2.56787 2.67542