2.03433 2.05433
-- 3
-- -5
2.84433 --
2.87675 2.87875
2.97653 3.00653
3.03433 3.03533
-- 3.30675
2.87653 2.87653
2.73433 2.87653
2.55675 2.87653
2.57653 7.0
2.54433 2.87653
2.87675 2.87675
-4 2.97653
3.03433 3.03433
2.65675 2.65675
2.67653 2.67653
2.84433 --
2.87675 2.87875
2.97653 3.00653
2.84433 --
2.87675 2.87875
2.97653 3.00653
2.84433 --
2.87675 2.87875
2.97653 3.00653
-5 3.00653
2.87675 2.87875
-1 3.00653
2.84433 3.00653
2.87675 2.87875
2.97653 3.00653
2.84433 3.00653
2.87675 2.87875
2.97653 3.00653